0.020159
0.00146413
0.00140095
0.00146484
0.00146008
0.00142598
0.00202894
0.00141311
0.00146484
0.0014019
0.00140309
0.00146794
0.001436
0.00138998
0.00187898
0.00143886
0.00141001
0.00152278
0.00139284
0.00143504
0.001369
0.00136113
0.00139213
0.00147295
0.00146008
0.00156808
0.00145698
0.00146294
0.00141692
0.00144219
0.00138998
0.00145888
0.00148392
0.00197601
0.00136614
0.00141597
0.00141501
0.00142479
0.00142288
0.00141287
0.00139785
0.001472
0.00142217
0.001436
0.00143409
0.00141716
0.00141883
0.00140715
0.00144291
0.00147891
0.00139999
0.00141191
0.00140405
0.00146484
0.00141096
0.00146103
0.00143194
0.00265908
0.00140405
0.00141716
0.00141501
0.00147915
0.00147104
0.00140595
0.0014832
0.00145221
0.0036509
0.00238895
0.00135708
0.00138998
0.00145888
0.00138187
0.00135994
0.00145197
0.00142002
0.00142479
0.00142789
0.00201797
0.00141287
0.00141692
0.00142908
0.00138521
0.00145292
0.00147295
0.00143218
0.00141311
0.00137997
0.001477
0.00141001
0.00145507
0.00138593
0.001405
0.00198793
0.00142097
0.00144601
0.00143099
0.00145507
0.00144482
0.00146699
0.00199795
0.00136614
0.00141406
0.00140309
0.00151491
0.00134087
0.00136709
0.00144506
0.00140285
0.00144601
0.00141406
0.00135994
0.00141788
0.00143504
0.00142097
0.00146604
0.00134706
0.00218892
0.00317597
0.00145817
0.00144196
0.00149703
0.00139213
0.00137496
0.00145197
0.00149989
0.00140905
0.00135708
0.00146699
0.00138402
0.00146198
0.00137997
0.00140905
0.00198698
0.0014751
0.00147986
