0.0134881
0.013134
0.013133
0.013164
0.0130491
0.013062
0.0131381
0.013005
0.0132341
0.0130579
0.0131619
0.0130682
0.01318
0.0131302
0.013072
0.0130951
0.0131419
0.0131729
0.0130558
0.013165
0.0131681
0.0130789
0.0130348
0.0131519
0.013211
0.013103
0.013114
0.0133259
0.0131149
0.013164
0.0131218
0.013025
0.0131578
0.013417
0.0131111
0.013124
0.0132279
0.012995
0.0131769
0.0131412
0.0131462
0.0130889
0.013067
0.0130541
0.013181
0.013073
0.0131149
0.0131559
0.0132861
0.0130789
0.013185
0.0130591
0.0133271
0.013135
0.0131581
0.0132592
0.0133071
0.0130811
0.0131109
0.0131428
