0.164581
0.0102229
0.0101709
0.0105121
0.01053
0.0103378
0.0126262
0.010006
0.010489
0.0102971
0.0101168
0.010464
0.0104971
0.010061
0.0127358
0.0100319
0.0100892
0.01019
0.0102031
0.0102551
0.00985312
0.00984192
0.00985503
0.010236
0.0104609
0.009799
0.0103171
0.0102401
0.0102711
0.0102589
0.00986099
0.0100961
0.0105238
0.01158
0.00985217
0.00986409
0.010637
0.010165
0.00997114
0.0103319
0.0103989
0.0099411
0.00996518
0.010046
0.0102389
0.010268
0.0103791
0.0105469
0.0101368
0.0137758
0.01035
0.00995398
0.0106621
0.0133588
0.00984597
0.01052
0.010843
0.0141919
0.00981402
0.010294
0.0100131
0.0101221
0.0105171
0.0103862
0.0110099
0.0104389
0.0124559
0.016712
0.010509
0.0101199
0.0104339
0.00993204
0.0103631
0.0105171
0.00984693
0.010123
0.0102739
0.014205
0.00985789
0.010402
0.0105579
0.0100391
0.010386
0.0106859
0.0103729
0.0101459
0.010231
0.0105319
0.0105779
0.010498
0.010047
0.010263
0.014075
0.00982118
0.010498
0.0101058
0.010792
0.010385
0.0100639
0.0141852
0.010181
0.0103209
0.010191
0.010005
0.0100319
0.0100629
0.010324
0.010082
0.0100529
0.0104291
0.0100181
0.0102229
0.0104032
0.0103331
0.0103469
0.0098691
0.0152819
0.0159652
0.0106339
0.0103419
0.010746
0.00993896
0.00980186
0.0105019
0.0106931
0.0100129
0.00991297
0.0102241
0.00992084
0.010535
0.00995278
0.00996804
0.0138052
0.010632
0.0105782
