0.336599
0.335092
0.333653
0.333667
0.332835
0.333825
0.335084
0.332554
0.33451
0.332527
0.333546
0.332694
0.334969
0.333495
0.333123
0.333959
0.332861
0.334576
0.333432
0.333668
0.334702
0.333539
0.333468
0.33283
0.333558
0.333603
0.334314
0.333221
0.332576
0.336806
0.33336
0.333335
0.333386
0.332549
0.333484
0.332455
0.333366
0.333844
0.333515
0.332902
0.332678
0.335278
0.33354
0.335388
0.33294
0.334494
0.335726
0.333319
0.333329
0.335818
0.335222
0.334745
0.336094
0.334608
0.335794
0.336527
0.333376
0.369388
0.33294
0.333648
